Breast	SVM	0.7822510822510822	0.433,10.000	0.77	2.848,10000.000	0.7	5.337,10000.000	1.0	0.010,0.100	0.6948145482512544	2.848,10000.000	0.6702669717772692	2.848,10000.000	0.9372448979591838	0.231,10000.000
ecoli	SVM	0.9580240508686513	10.000,1.000	0.8977777777777778	10.000,0.100	0.9018181818181817	0.035,10000.000	1.0	0.010,0.100	0.9341448365718277	10.000,1.000	0.8739457338999672	10.000,1.000	0.9533139667350193	0.433,10000.000
glass	SVM	0.8043189368770765	5.337,100.000	0.7557894736842106	5.337,100.000	0.7285714285714284	10.000,1.000	1.0	0.010,0.100	0.7684059097933088	5.337,100.000	0.7103137254901961	5.337,100.000	0.8718859957776214	5.337,100.000
haberman	SVM	0.764727657324167	2.848,10.000	0.71	5.337,1.000	0.3970588235294118	10.000,10000.000	1.0	0.010,0.100	0.5394897909361167	0.811,10000.000	0.4081512357374426	0.811,10000.000	0.7641013071895426	0.433,1.000
heart	SVM	0.8481481481481481	0.035,10.000	0.9184848484848486	0.066,0.100	0.8083333333333333	0.123,10.000	1.0	0.010,0.100	0.8430754131074734	0.035,10.000	0.8249202363646662	0.035,10.000	0.9122222222222222	0.066,10.000
iris	SVM	0.9666666666666668	0.066,1000.000	0.9666666666666666	1.520,10.000	0.9800000000000001	0.010,10000.000	1.0	0.010,0.100	0.9635579847062651	0.066,1000.000	0.9500721500721501	0.066,1000.000	0.998	0.066,1000.000
libras	SVM	0.9467505948935623	0.231,10.000	1.0	0.231,1.000	0.7447619047619047	0.035,1000.000	1.0	0.010,0.100	0.8498771574039334	0.231,10.000	0.8257695713546737	0.231,10.000	0.9713663469017371	0.433,1.000
liver	SVM	0.7333333333333333	0.019,10000.000	0.804978354978355	0.433,10.000	0.6137931034482759	5.337,10000.000	1.0	0.010,0.100	0.6967769351689219	0.066,1000.000	0.6431749101961868	0.066,1000.000	0.7644827586206897	0.123,1000.000
segment	SVM	0.9575757575757576	10.000,10.000	0.8478667517235203	10.000,10.000	0.8818181818181818	5.337,10.000	1.0	0.010,0.100	0.9196855395768531	10.000,10.000	0.855210444732618	10.000,10.000	0.9665365779002142	2.848,100.000
Vehicle	SVM	0.9834596323736596	0.811,100.000	1.0	5.337,0.100	0.9848717948717949	0.811,10.000	1.0	0.010,0.100	0.9823380626686458	0.811,10.000	0.965333342843383	0.811,100.000	0.998871198568873	0.433,100.000
wine	SVM	0.9666495066495067	1.520,1.000	1.0	0.035,1.000	0.959047619047619	1.520,1.000	1.0	0.010,0.100	0.9647215878307753	1.520,1.000	0.9580952380952381	1.520,1.000	0.9987012987012986	2.848,1.000
yeast	SVM	0.9683295559134486	10.000,10.000	0.8	10.000,10.000	0.33272727272727276	10.000,10000.000	1.0	0.010,0.100	0.5455456095802556	10.000,10000.000	0.3560021265284424	1.520,10000.000	0.8627886747398943	2.848,100.000
Breast	SMOTE	0.7848484848484848	0.433,10000.000	0.7856410256410257	0.433,10000.000	0.9428571428571428	0.010,0.100	0.8	2.848,100.000	0.7546639953313703	0.433,10000.000	0.7307892107892108	0.433,10000.000	0.9479591836734693	0.066,10000.000
ecoli	SMOTE	0.9521416979274748	10.000,0.100	0.8223776223776224	10.000,1.000	0.9418181818181818	0.010,0.100	0.9610902255639097	10.000,1.000	0.9392434928497451	10.000,0.100	0.8628732701318513	10.000,0.100	0.9581806789701528	5.337,10.000
glass	SMOTE	0.7993355481727575	10.000,100.000	0.7571428571428571	5.337,10000.000	1.0	0.010,0.100	0.8758620689655172	5.337,10000.000	0.8100520491107492	5.337,1.000	0.7604331015447943	5.337,1.000	0.871850809289233	5.337,1000.000
haberman	SMOTE	0.7484928609201481	0.019,100.000	0.5543589743589743	0.123,0.100	0.6360294117647058	1.520,10000.000	0.8711111111111111	0.010,0.100	0.6218345482879901	0.231,1000.000	0.481762543886698	0.811,1000.000	0.7620915032679738	0.433,10000.000
heart	SMOTE	0.8481481481481481	0.010,10.000	0.8392200263504611	0.066,1.000	0.8416666666666666	0.035,1.000	0.8733333333333334	0.066,1.000	0.8469771441278751	0.035,1.000	0.8316039459261966	0.035,1.000	0.9072222222222223	0.123,1.000
iris	SMOTE	0.9600000000000002	0.811,10.000	0.9338461538461539	2.848,10.000	1.0	0.035,100.000	0.9600000000000002	1.520,1000.000	0.9638642083660633	0.811,10.000	0.9452049095069691	0.811,10.000	0.999	0.433,10.000
libras	SMOTE	0.9468668939052887	0.231,10.000	1.0	0.811,0.100	0.7733333333333333	0.231,10.000	1.0	0.811,0.100	0.8684854273831059	0.231,10.000	0.8410537588348683	0.231,10.000	0.9676830006049606	0.433,10.000
liver	SMOTE	0.7391304347826086	0.811,10.000	0.6971801346801346	0.811,10.000	0.8620689655172414	0.010,0.100	0.7849999999999999	0.035,10000.000	0.7281909479826119	0.811,10.000	0.6874281067505177	0.811,10.000	0.7610344827586207	0.231,100.000
segment	SMOTE	0.9523809523809523	10.000,10.000	0.8341213818860878	10.000,10.000	1.0	0.010,0.100	0.9651515151515152	10.000,10.000	0.9165890748846348	10.000,10.000	0.8445156342679978	10.000,10.000	0.9657483930211204	2.848,100.000
Vehicle	SMOTE	0.9822831617854243	0.231,1000.000	0.9616329973675407	0.433,1000.000	1.0	0.010,10.000	0.987644603458557	0.433,1000.000	0.9795455975260777	0.231,1000.000	0.9630958213287529	0.231,1000.000	0.998869310276287	0.811,1000.000
wine	SMOTE	0.9617031317031317	0.035,100.000	1.0	2.848,0.100	0.9580952380952381	0.019,1.000	1.0	2.848,0.100	0.9514258227011103	0.035,100.000	0.9456960408684546	0.035,100.000	0.9987012987012986	2.848,1.000
yeast	SMOTE	0.9501339655702072	5.337,10000.000	0.3538235294117647	2.848,10000.000	0.8636363636363636	0.010,0.100	0.9706927219122342	5.337,10000.000	0.8389450491846848	0.019,1.000	0.3613996517222324	2.848,10000.000	0.909426183572525	5.337,0.100
Breast	cGAN	0.8112554112554111	5.337,0.100	0.77	2.848,10000.000	0.8571428571428571	0.010,0.100	1.0	10.000,0.100	0.6948145482512544	2.848,10000.000	0.6702669717772692	2.848,10000.000	0.9359693877551021	0.231,10000.000
ecoli	cGAN	0.9459028387474392	10.000,1.000	0.8800000000000001	10.000,0.100	0.9018181818181817	5.337,1.000	0.9714912280701753	10.000,0.100	0.9273135354679457	10.000,1.000	0.8533338176358771	10.000,1.000	0.9413550922761449	5.337,10.000
glass	cGAN	0.8089700996677742	5.337,100.000	0.76	5.337,100.000	0.9714285714285715	0.019,1.000	0.9310344827586207	10.000,0.100	0.7751140233337528	5.337,100.000	0.718156862745098	5.337,100.000	0.8772519352568613	1.520,1000.000
haberman	cGAN	0.7352194606028557	0.123,10000.000	0.6297674418604651	0.433,10.000	0.7360294117647059	1.520,100.000	0.8088888888888889	0.035,10000.000	0.6814208615618558	0.123,10000.000	0.5553010692633334	0.123,10000.000	0.7583333333333333	0.123,10000.000
heart	cGAN	0.837037037037037	0.010,1000.000	0.9492063492063492	2.848,0.100	0.8	0.123,10.000	1.0	5.337,0.100	0.8324148655146522	0.010,1000.000	0.8138979088397618	0.010,1000.000	0.9130555555555556	0.066,10.000
iris	cGAN	0.9466666666666667	0.019,10000.000	0.9080808080808082	10.000,10.000	1.0	0.010,10000.000	0.95	10.000,10.000	0.9582122142420202	1.520,10.000	0.9339130434782609	0.019,10000.000	0.999	0.433,10.000
libras	cGAN	0.9467505948935623	0.231,10.000	1.0	0.231,1.000	0.7447619047619047	0.035,1000.000	1.0	0.010,0.100	0.8498771574039334	0.231,10.000	0.8257695713546737	0.231,10.000	0.971115720335321	0.433,1.000
liver	cGAN	0.7101449275362318	0.019,10000.000	0.6672151113245084	2.848,10.000	0.7655172413793104	0.010,0.100	0.765	2.848,10.000	0.6972795835223842	0.010,10000.000	0.6558854652972301	0.035,10000.000	0.7712068965517243	0.035,10000.000
segment	cGAN	0.9575757575757576	10.000,10.000	0.8451436108053756	10.000,10.000	0.884848484848485	5.337,10.000	0.9994949494949494	0.123,0.100	0.9210272866666014	10.000,10.000	0.85559687129634	10.000,10.000	0.9643021120293849	2.848,100.000
Vehicle	cGAN	0.9846430643263222	0.811,100.000	1.0	10.000,0.100	0.9898717948717948	1.520,10.000	1.0	10.000,0.100	0.983274269379997	1.520,10.000	0.9679973455073856	0.811,100.000	0.9987948717948718	0.433,100.000
wine	cGAN	0.9612441012441012	1.520,1.000	1.0	5.337,0.100	0.96	0.019,1.000	1.0	5.337,0.100	0.9574171587805059	1.520,1.000	0.9501587301587302	1.520,1.000	0.9987012987012986	2.848,1.000
yeast	cGAN	0.9642981602713145	10.000,10.000	0.4683333333333334	10.000,10.000	0.8654545454545455	0.010,0.100	0.9916230111352062	10.000,1.000	0.7558715647577159	0.035,0.100	0.3968253968253968	10.000,10.000	0.8501951706829756	0.811,10000.000
Breast	cGAN-O	0.7826839826839826	0.231,10.000	0.761025641025641	2.848,10000.000	0.6714285714285714	5.337,10000.000	1.0	0.010,0.100	0.6677985305654781	2.848,10000.000	0.6416864295125164	2.848,10000.000	0.934438775510204	0.433,1000.000
ecoli	cGAN-O	0.9580240508686513	10.000,1.000	0.8977777777777778	10.000,0.100	0.9018181818181817	0.811,100.000	1.0	0.010,0.100	0.9341448365718277	10.000,1.000	0.8739457338999672	10.000,1.000	0.9533139667350193	0.433,10000.000
glass	cGAN-O	0.8089700996677742	5.337,100.000	0.7622222222222222	5.337,100.000	0.7142857142857142	10.000,10.000	1.0	0.010,0.100	0.7719560332976768	5.337,100.000	0.7144803921568628	5.337,100.000	0.8699155524278677	5.337,100.000
haberman	cGAN-O	0.7581702802749868	1.520,10.000	0.7333333333333333	5.337,1.000	0.3	2.848,10000.000	1.0	0.010,0.100	0.4706129843200702	5.337,10000.000	0.3338494389169052	2.848,10000.000	0.7440359477124183	0.010,10000.000
heart	cGAN-O	0.8592592592592594	0.035,10.000	0.9312820512820513	1.520,0.100	0.8166666666666667	0.035,10.000	1.0	0.010,0.100	0.853723041244604	0.035,10.000	0.8371023722470795	0.035,10.000	0.9061111111111112	0.066,10.000
iris	cGAN-O	0.9666666666666668	0.433,10.000	1.0	2.848,0.100	0.96	0.433,10.000	1.0	0.010,0.100	0.9635579847062651	0.433,10.000	0.9500721500721501	0.433,10.000	0.998	1.520,10.000
libras	cGAN-O	0.9467505948935623	0.231,10.000	1.0	0.231,1.000	0.7447619047619047	0.035,1000.000	1.0	0.010,0.100	0.8498771574039334	0.231,10.000	0.8257695713546737	0.231,10.000	0.9713749891971307	0.433,1.000
liver	cGAN-O	0.727536231884058	0.123,1000.000	0.808008658008658	0.123,100.000	0.5724137931034483	2.848,10000.000	1.0	0.010,0.100	0.6681736699057763	0.433,1000.000	0.6074913202030142	0.433,1000.000	0.7612068965517242	0.035,10000.000
segment	cGAN-O	0.9575757575757576	10.000,10.000	0.8478667517235203	10.000,10.000	0.8818181818181818	5.337,10.000	1.0	0.010,0.100	0.9196855395768531	10.000,10.000	0.855210444732618	10.000,10.000	0.9665289256198347	2.848,100.000
Vehicle	cGAN-O	0.9834596323736596	0.811,100.000	1.0	5.337,0.100	0.9898717948717948	0.811,10.000	1.0	0.010,0.100	0.9840254933668557	0.811,10.000	0.965333342843383	0.811,100.000	0.9990602265951102	0.811,100.000
wine	cGAN-O	0.9561475761475762	0.811,10.000	1.0	0.035,1.000	0.919047619047619	0.010,1000.000	1.0	0.010,0.100	0.9467731051135061	0.811,10.000	0.9388177339901478	0.811,10.000	0.9980210265924552	2.848,1.000
yeast	cGAN-O	0.9690029565868492	10.000,10.000	0.819047619047619	10.000,10.000	0.33272727272727276	10.000,10000.000	1.0	0.010,0.100	0.5488147021315914	10.000,10000.000	0.36194211017740435	1.520,10000.000	0.8639009770717088	2.848,100.000
Breast	cGAN-SMOTE	0.8125541125541125	0.433,1000.000	0.8	0.433,1000.000	0.8857142857142858	0.010,10000.000	0.7857142857142858	0.433,1000.000	0.7925687305282991	0.433,1000.000	0.7785243741765481	0.433,1000.000	0.9676020408163264	0.811,100.000
ecoli	cGAN-SMOTE	0.9522308244871898	10.000,0.100	0.8183982683982685	10.000,0.100	0.9418181818181818	0.010,0.100	0.9575814536340852	10.000,0.100	0.9393008507682147	10.000,0.100	0.8622066034651847	10.000,0.100	0.9577517657780815	2.848,10.000
glass	cGAN-SMOTE	0.7945736434108528	5.337,1000.000	0.7509523809523809	5.337,1000.000	1.0	0.010,0.100	0.8689655172413794	10.000,10000.000	0.7777447347205897	5.337,10.000	0.7244624617515804	5.337,1.000	0.8634940182969739	5.337,1000.000
